Outputs from 9-1.

0 1 1 0 0
1 1 1 0 0
2 2 2 0 0
3 4 4 0 0
4 7 7 0 0
5 13 13 0 0
6 24 24 0 0
7 44 44 0 0
8 81 81 0 1
9 149 149 0 0
10 274 274 0 0
11 504 504 0 0
12 927 927 0 0
13 1705 1705 0 0
14 3136 3136 0 0
15 5768 5768 0 0
16 10609 10609 0 1
17 19513 19513 0 1
18 35890 35890 0 1
19 66012 66012 0 1
20 121415 121415 0 1
21 223317 223317 0 3
22 410744 410744 0 6
23 755476 755476 0 10
24 1389537 1389537 0 19
25 2555757 2555757 0 33
26 4700770 4700770 0 61
27 8646064 8646064 0 111
28 15902591 15902591 0 203
29 29249425 29249425 0 373

